Periodo	EPU	Elástico	ED(Q=1.0)	ED(Q=1.5)	ED(Q=2)	ED(Q=3)	ED(Q=4)
				ESPECTROS DE PELIGRO UNIFORME POR FAMILIA Y EPOCA
	|	 TOTAL			|	 SUBDUCCIÓN			|	 PROFUNDIDAD INTERMEDIA
Periodo	| ACT	EF1	EF2	EF3	| ACT	EF1	EF2	EF3	| ACT	EF1	EF2	EF3
0.000	310.9	295.7	280.6	265.4	139.5	132.7	125.9	119.1	289.6	275.5	261.4	247.3	
0.100	400.3	377.1	354.1	331.3	136.9	129.0	121.1	113.3	371.0	349.5	328.2	307.1	
0.150	447.6	418.4	389.7	364.4	141.0	131.8	122.8	114.8	427.9	400.0	372.6	348.4	
0.200	385.9	367.3	349.9	335.4	141.0	134.2	127.9	122.6	369.9	352.1	335.5	321.5	
0.250	362.1	348.2	334.4	320.6	145.1	139.5	134.0	128.5	346.4	333.1	320.0	306.8	
0.300	345.4	334.3	326.7	319.4	151.8	146.9	143.6	140.4	329.8	319.2	312.0	305.0	
0.350	344.2	338.0	332.1	325.6	179.5	176.3	173.2	169.8	323.0	317.2	311.6	305.6	
0.400	349.1	343.2	336.9	329.9	212.9	209.3	205.4	201.2	321.4	316.0	310.2	303.8	
0.450	353.9	347.7	340.9	332.6	223.3	219.4	215.1	209.9	321.4	315.8	309.6	302.1	
0.500	356.9	350.3	341.0	331.8	233.4	229.1	223.0	217.0	319.3	313.5	305.1	296.9	
0.550	366.8	357.6	349.0	351.8	246.3	240.1	234.3	236.2	321.6	313.5	306.0	308.4	
0.600	374.1	369.8	374.4	376.9	257.8	254.9	258.0	259.7	321.0	317.4	321.3	323.4	
0.650	410.3	416.8	417.5	398.1	310.1	315.0	315.5	300.8	327.5	332.7	333.2	317.7	
0.700	461.6	460.1	438.1	409.9	377.4	376.2	358.2	335.2	342.6	341.5	325.1	304.2	
0.750	486.4	462.4	434.7	387.7	406.6	386.6	363.4	324.1	348.3	331.1	311.3	277.6	
0.800	486.5	459.4	411.9	375.8	415.7	392.5	352.0	321.1	335.6	316.9	284.2	259.3	
0.850	477.7	430.5	392.6	373.2	410.1	369.6	337.0	320.4	322.6	290.7	265.1	252.0	
0.900	448.4	408.6	386.9	384.9	386.9	352.5	333.8	332.1	296.0	269.7	255.4	254.1	
0.950	415.5	393.3	385.6	397.2	360.6	341.3	334.7	344.7	274.3	259.6	254.5	262.2	
1.000	398.1	386.9	396.7	399.9	347.6	337.9	346.5	349.2	262.7	255.3	261.8	263.9	
1.050	400.4	406.3	413.5	410.9	350.5	355.7	362.0	359.7	261.4	265.2	269.9	268.3	
1.100	415.5	426.5	426.9	416.7	364.7	374.4	374.7	365.7	268.3	275.4	275.7	269.0	
1.150	437.1	439.6	434.3	429.1	384.6	386.8	382.2	377.6	279.0	280.6	277.3	273.9	
1.200	451.6	450.3	440.7	449.4	398.4	397.3	388.8	396.5	284.9	284.1	278.0	283.5	
1.250	462.2	453.3	454.3	457.1	409.5	401.6	402.5	405.0	290.2	284.6	285.2	287.0	
1.300	466.7	458.2	470.6	462.1	415.3	407.7	418.7	411.1	291.6	286.3	294.0	288.7	
1.350	468.8	475.0	475.8	468.0	418.9	424.5	425.2	418.2	291.4	295.2	295.7	290.8	
1.400	477.6	488.0	480.1	482.6	428.7	438.0	431.0	433.2	295.2	301.6	296.8	298.3	
1.450	515.4	513.9	506.8	536.5	466.9	465.5	459.1	486.0	303.8	302.9	298.7	316.2	
1.500	548.2	540.4	543.4	599.9	501.0	493.8	496.6	548.2	308.2	303.8	305.5	337.3	
1.550	575.7	569.1	601.2	673.4	530.5	524.3	554.0	620.5	308.7	305.1	322.4	361.1	
1.600	604.1	607.6	668.0	752.1	561.0	564.2	620.3	698.4	309.0	310.8	341.7	384.6	
1.650	619.4	652.9	727.2	815.6	577.3	608.5	677.8	760.2	310.1	326.9	364.1	408.4	
1.700	643.0	704.0	789.5	871.9	601.5	658.5	738.6	815.6	315.0	344.9	386.8	427.2	
1.750	688.8	763.2	854.0	902.5	646.7	716.6	801.8	847.4	330.0	365.7	409.2	432.5	
1.800	739.2	825.7	916.3	901.6	696.6	778.2	863.6	849.7	346.2	386.7	429.2	422.2	
1.850	785.4	876.0	950.2	868.3	742.2	827.9	898.0	820.6	364.2	406.2	440.6	402.7	
1.900	833.3	924.9	946.1	829.5	789.8	876.6	896.7	786.2	382.5	424.5	434.2	380.7	
1.950	881.0	964.1	922.4	799.8	837.5	916.5	876.8	760.2	400.0	437.7	418.7	363.1	
2.000	928.6	978.2	884.1	768.8	885.4	932.7	843.0	733.0	416.8	439.1	396.8	345.1	
2.050	987.6	981.2	861.6	740.7	943.5	937.4	823.1	707.6	437.6	434.8	381.8	328.2	
2.100	1035.6	968.4	846.6	713.1	991.2	926.9	810.3	682.6	452.9	423.5	370.3	311.9	
2.150	1049.6	942.3	827.7	688.1	1006.6	903.8	793.8	659.9	453.0	406.7	357.2	297.0	
2.200	1044.2	921.0	798.5	663.3	1003.4	885.0	767.3	637.4	444.6	392.2	340.0	282.4	
2.250	995.4	879.6	747.5	619.6	949.3	838.8	712.8	590.8	430.7	380.6	323.4	268.1	
2.300	940.9	833.7	700.6	575.2	889.9	788.5	662.6	544.0	414.0	366.8	308.2	253.1	
2.350	893.0	780.0	655.4	532.4	837.2	731.2	614.4	499.2	399.9	349.3	293.5	238.5	
2.400	851.1	728.9	611.8	492.5	790.3	676.8	568.1	457.4	388.3	332.5	279.2	224.7	
2.450	818.5	694.3	578.5	462.6	760.4	645.1	537.5	429.8	374.3	317.5	264.5	211.6	
2.500	778.6	661.0	545.1	433.7	723.8	614.5	506.7	403.2	356.9	303.0	249.8	198.8	
2.550	740.7	628.5	513.6	406.9	689.0	584.6	477.7	378.5	340.3	288.8	236.0	186.9	
2.600	705.8	595.7	483.5	381.7	657.0	554.5	450.0	355.3	325.1	274.4	222.7	175.8	
2.650	659.9	551.5	445.6	354.8	613.3	512.5	414.1	329.7	310.7	259.6	209.8	167.0	
2.700	615.4	509.7	409.7	329.4	570.9	472.9	380.1	305.6	296.5	245.6	197.4	158.7	
2.750	571.9	470.4	376.7	305.8	529.6	435.6	348.8	283.2	282.4	232.3	186.0	151.0	
2.800	528.4	432.7	346.3	283.5	488.3	399.9	320.1	262.0	267.8	219.3	175.5	143.7	
2.850	500.4	408.0	329.3	269.8	461.7	376.4	303.9	248.9	252.9	206.1	166.4	136.3	
2.900	474.1	384.6	313.3	257.0	436.7	354.2	288.5	236.7	238.9	193.8	157.8	129.5	
2.950	448.7	363.0	298.3	245.7	412.5	333.7	274.2	225.9	225.4	182.3	149.8	123.4	
3.000	423.9	343.5	284.0	237.2	388.9	315.2	260.6	217.6	212.2	172.0	142.2	118.7	
3.050	397.5	324.8	268.8	228.9	364.2	297.6	246.2	209.7	201.8	164.9	136.5	116.2	
3.100	372.8	307.2	254.4	222.1	341.1	281.0	232.7	203.2	192.1	158.3	131.1	114.4	
3.150	349.6	290.6	241.0	214.2	319.3	265.4	220.1	195.6	182.9	152.0	126.1	112.1	
3.200	329.4	274.8	230.4	205.9	300.3	250.5	210.0	187.7	175.1	146.0	122.4	109.4	
3.250	307.9	257.1	219.1	195.2	277.8	232.0	197.7	176.1	167.8	140.1	119.4	106.4	
3.300	287.7	240.4	209.5	184.8	256.6	214.4	186.8	164.8	161.0	134.5	117.2	103.4	
3.350	268.7	224.5	200.0	174.7	236.7	197.7	176.2	153.9	154.6	129.1	115.1	100.5	
3.400	250.6	210.8	189.6	165.5	217.7	183.2	164.7	143.8	148.4	124.9	112.3	98.0	
3.450	235.1	200.8	180.5	158.5	202.6	173.0	155.6	136.6	142.4	121.6	109.3	96.0	
3.500	220.4	191.7	171.3	152.0	188.2	163.7	146.3	129.8	136.6	118.9	106.2	94.2	
3.550	206.4	183.7	162.3	145.8	174.6	155.4	137.2	123.3	131.1	116.7	103.1	92.6	
3.600	193.9	175.0	153.5	139.6	162.3	146.4	128.5	116.8	126.4	114.1	100.1	91.0	
3.650	185.4	167.9	147.4	134.7	154.5	139.9	122.8	112.2	122.8	111.2	97.6	89.3	
3.700	177.8	160.6	141.9	130.6	147.4	133.1	117.6	108.3	119.7	108.1	95.6	87.9	
3.750	171.4	153.3	136.8	126.6	141.3	126.4	112.8	104.4	117.4	105.0	93.7	86.7	
3.800	165.1	146.1	132.0	122.7	135.4	119.8	108.2	100.6	115.1	101.9	92.0	85.5	
3.850	160.3	141.3	129.1	120.5	130.1	114.6	104.7	97.8	112.6	99.2	90.6	84.6	
3.900	155.4	137.2	126.1	118.3	124.7	110.1	101.2	95.0	109.9	97.0	89.2	83.7	
3.950	150.3	133.6	123.2	116.1	119.3	106.0	97.8	92.1	107.1	95.2	87.8	82.7	
4.000	145.2	130.3	120.9	113.9	113.9	102.2	94.8	89.3	104.3	93.6	86.8	81.8	
4.050	139.2	126.3	117.7	110.9	108.4	98.3	91.6	86.3	101.8	92.4	86.1	81.1	
4.100	133.4	122.4	114.5	107.9	103.0	94.5	88.4	83.3	99.4	91.2	85.3	80.4	
4.150	128.3	118.5	111.3	104.9	98.3	90.7	85.2	80.3	97.6	90.1	84.6	79.7	
4.200	123.7	114.4	108.1	101.9	93.9	86.8	82.0	77.3	96.0	88.7	83.9	79.0	
4.250	121.1	112.6	106.4	100.3	91.0	84.6	80.0	75.3	94.5	87.9	83.1	78.3	
4.300	118.8	110.8	104.8	98.7	88.3	82.4	77.9	73.4	93.3	87.0	82.3	77.5	
4.350	116.4	109.1	103.1	97.2	85.6	80.2	75.8	71.4	92.0	86.2	81.5	76.8	
4.400	114.1	107.3	101.5	95.6	82.9	78.0	73.8	69.5	90.7	85.4	80.7	76.0	
4.450	111.1	105.1	99.4	93.6	79.8	75.5	71.4	67.2	89.1	84.4	79.8	75.1	
4.500	108.6	103.0	97.3	91.7	76.9	73.0	69.0	65.0	87.9	83.4	78.8	74.3	
4.550	106.3	100.8	95.3	89.8	74.3	70.4	66.6	62.7	86.9	82.4	77.9	73.4	
4.600	104.0	98.6	93.2	87.8	71.6	67.9	64.2	60.5	85.9	81.4	77.0	72.5	
4.650	103.0	97.7	92.3	87.0	70.7	67.0	63.4	59.7	84.9	80.5	76.1	71.7	
4.700	102.1	96.8	91.5	86.2	69.8	66.2	62.6	59.0	83.9	79.6	75.2	70.9	
4.750	101.1	95.8	90.6	85.4	68.9	65.4	61.8	58.2	83.0	78.7	74.4	70.1	
4.800	100.1	94.9	89.7	84.5	68.0	64.5	61.0	57.5	82.0	77.7	73.5	69.2	
4.850	99.5	94.3	89.1	84.0	67.7	64.2	60.7	57.2	81.3	77.0	72.8	68.6	
4.900	98.8	93.7	88.5	83.4	67.4	63.9	60.4	56.9	80.5	76.3	72.2	68.0	
4.950	98.1	93.0	87.9	82.9	67.1	63.7	60.2	56.7	79.8	75.6	71.5	67.4	
5.000	97.4	92.4	87.3	82.3	66.8	63.4	59.9	56.4	79.0	74.9	70.8	66.7	
