Periodo	EPU	Elástico	ED(Q=1.0)	ED(Q=1.5)	ED(Q=2)	ED(Q=3)	ED(Q=4)
0.000	310.9	310.9	163.6	163.6	163.6	148.0	148.0
0.100	400.3	360.0	203.2	187.5	174.0	136.7	121.4
0.150	447.6	384.5	220.7	196.0	176.3	131.6	112.7
0.200	385.9	409.1	238.1	203.9	178.2	127.5	106.2
0.250	362.1	433.6	255.6	211.2	180.0	124.2	101.1
0.300	345.4	458.1	273.2	218.2	181.6	121.5	97.1
0.350	344.2	482.7	291.0	224.8	183.2	119.3	93.9
0.400	349.1	507.2	308.9	231.1	184.7	117.4	91.3
0.450	353.9	531.8	326.9	237.2	186.1	115.8	89.0
0.500	356.9	556.3	345.1	243.0	187.5	114.5	87.2
0.550	366.8	580.9	363.5	248.6	188.9	113.4	85.6
0.600	376.9	605.4	382.1	254.0	190.2	112.4	84.3
0.650	417.5	629.9	400.9	259.2	191.6	111.6	83.1
0.700	461.6	654.5	419.8	264.3	192.9	111.0	82.1
0.750	486.4	679.0	438.9	269.2	194.1	110.4	81.3
0.800	486.5	703.6	458.2	274.0	195.4	109.9	80.5
0.850	477.7	728.1	477.7	278.6	196.7	109.5	79.9
0.900	448.4	752.6	497.3	283.1	197.9	109.1	79.3
0.950	415.5	777.2	517.2	287.6	199.1	108.8	78.8
1.000	399.9	801.7	537.2	291.9	200.4	108.6	78.4
1.050	413.5	826.3	557.4	296.1	201.6	108.4	78.0
1.100	426.9	850.8	577.8	300.2	202.8	108.3	77.7
1.150	439.6	875.4	598.4	304.3	204.0	108.2	77.4
1.200	451.6	899.9	619.1	308.2	205.2	108.1	77.2
1.250	475.7	924.4	640.1	312.1	206.4	108.1	77.0
1.300	517.5	949.0	661.2	315.9	207.6	108.1	76.8
1.350	561.6	973.5	682.5	319.7	208.7	108.1	76.7
1.400	606.5	998.1	704.0	323.4	209.9	108.1	76.5
1.450	673.3	1022.6	725.7	327.1	211.1	108.2	76.4
1.500	717.8	1047.2	747.5	330.6	212.3	108.2	76.4
1.550	754.5	1049.6	749.7	331.0	212.4	108.3	76.4
1.600	820.7	1049.6	749.7	331.0	212.4	108.3	76.4
1.650	829.7	1049.6	749.7	331.0	212.4	108.3	76.4
1.700	871.9	1049.6	749.7	331.0	212.4	108.3	76.4
1.750	902.5	1049.6	749.7	331.0	212.4	108.3	76.4
1.800	916.3	1049.6	749.7	331.0	212.4	108.3	76.4
1.850	950.2	1049.6	749.7	331.0	212.4	108.3	76.4
1.900	946.1	1049.6	749.7	331.0	212.4	108.3	76.4
1.950	964.1	1049.6	749.7	331.0	212.4	108.3	76.4
2.000	978.2	1049.6	749.7	331.0	212.4	108.3	76.4
2.050	987.6	1049.6	749.7	331.0	212.4	108.3	76.4
2.100	1035.6	1049.6	749.7	331.0	212.4	108.3	76.4
2.150	1049.6	1049.6	749.7	331.0	212.4	108.3	76.4
2.200	1044.2	1049.6	749.7	331.0	212.4	108.3	76.4
2.250	995.4	1049.6	749.7	331.0	212.4	108.3	76.4
2.300	940.9	1049.6	749.7	331.0	212.4	108.3	76.4
2.350	893.0	1049.6	749.7	331.0	212.4	108.3	76.4
2.400	851.1	1049.6	749.7	331.0	212.4	108.3	76.4
2.450	818.5	1049.6	749.7	331.0	212.4	108.3	76.4
2.500	778.6	1049.6	749.7	331.0	212.4	108.3	76.4
2.550	740.7	1049.6	749.7	331.0	212.4	108.3	76.4
2.600	705.8	1049.6	749.7	331.0	212.4	108.3	76.4
2.650	659.9	1049.6	749.7	331.0	212.4	108.3	76.4
2.700	615.4	1031.8	737.0	326.1	209.4	106.8	75.3
2.750	571.9	964.4	688.9	307.4	197.9	101.1	71.4
2.800	528.4	902.7	644.8	290.2	187.2	95.8	67.7
2.850	500.4	846.1	604.3	274.2	177.3	90.9	64.3
2.900	474.1	794.0	567.2	259.3	168.1	86.3	61.1
2.950	448.7	746.1	533.0	245.5	159.5	82.1	58.1
3.000	423.9	702.0	501.4	232.7	151.5	78.1	55.3
3.050	397.5	661.2	472.3	220.8	144.0	74.4	52.7
3.100	372.8	623.5	445.4	209.6	137.1	70.9	50.3
3.150	349.6	588.6	420.4	199.2	130.5	67.6	48.0
3.200	329.4	556.3	397.3	189.5	124.4	64.5	45.9
3.250	307.9	526.2	375.9	180.4	118.7	61.7	43.9
3.300	287.7	498.3	355.9	171.9	113.3	59.0	42.0
3.350	268.7	472.4	337.4	164.0	108.3	56.4	40.2
3.400	250.6	448.2	320.1	156.5	103.5	54.0	38.5
3.450	235.1	425.6	304.0	149.5	99.1	51.8	36.9
3.500	220.4	404.6	289.0	142.9	94.9	49.7	35.4
3.550	206.4	384.9	274.9	136.6	90.9	47.7	34.0
3.600	193.9	366.5	261.8	130.8	87.2	45.8	32.7
3.650	185.4	349.2	249.4	125.3	83.6	44.0	31.4
3.700	177.8	333.0	237.9	120.1	80.3	42.3	30.2
3.750	171.4	317.8	227.0	115.2	77.2	40.7	29.1
3.800	165.1	303.6	216.8	110.5	74.2	39.1	28.0
3.850	160.3	290.2	207.3	106.1	71.3	37.7	27.0
3.900	155.4	277.6	198.3	102.0	68.7	36.3	26.0
3.950	150.3	265.7	189.8	98.1	66.1	35.0	25.1
4.000	145.2	254.5	181.8	94.3	63.7	33.8	24.2
4.050	139.2	243.9	174.2	90.8	61.4	32.6	23.4
4.100	133.4	234.0	167.1	87.4	59.2	31.5	22.6
4.150	128.3	224.5	160.4	84.3	57.1	30.4	21.9
4.200	123.7	215.6	154.0	81.2	55.2	29.4	21.1
4.250	121.1	207.2	148.0	78.3	53.3	28.4	20.4
4.300	118.8	199.2	142.3	75.6	51.5	27.5	19.8
4.350	116.4	191.6	136.9	73.0	49.8	26.6	19.2
4.400	114.1	184.4	131.7	70.5	48.1	25.8	18.6
4.450	111.1	177.6	126.9	68.2	46.6	25.0	18.0
4.500	108.6	171.2	122.3	65.9	45.1	24.2	17.4
4.550	106.3	165.0	117.9	63.7	43.7	23.5	16.9
4.600	104.0	159.2	113.7	61.7	42.3	22.7	16.4
4.650	103.0	153.6	109.7	59.7	41.0	22.1	15.9
4.700	102.1	148.3	105.9	57.8	39.8	21.4	15.5
4.750	101.1	143.2	102.3	56.0	38.6	20.8	15.0
4.800	100.1	138.4	98.9	54.3	37.4	20.2	14.6
4.850	99.5	133.8	95.6	52.7	36.3	19.6	14.2
4.900	98.8	129.5	92.5	51.1	35.3	19.1	13.8
4.950	98.1	125.3	89.5	49.6	34.3	18.6	13.4
5.000	97.4	121.3	86.6	48.1	33.3	18.0	13.1
